*BEGIN_DATA 

     Start of table                =  -2.000000e+01     cm-1 
     End of table                  =  1.990000e+04     cm-1 
     Increment in table            =  1.000000e+01     cm-1 
     Number of points in table     =  1993 

     Continuum coefficients (cm^3.molec-1 * 1.0E-20) 
    0.00000e+00    6.86998e-04    0.00000e+00    6.86863e-04 
    2.62657e-03    5.38298e-03    8.35915e-03    1.11525e-02 
    1.37199e-02    1.61279e-02    1.85704e-02    2.10087e-02 
    2.33217e-02    2.53872e-02    2.70986e-02    2.84099e-02 
    2.92984e-02    2.97701e-02    2.98530e-02    2.95743e-02 
    2.89855e-02    2.81363e-02    2.70745e-02    2.58510e-02 
    2.45172e-02    2.31128e-02    2.16840e-02    2.02605e-02 
    1.88774e-02    1.75331e-02    1.62648e-02    1.50668e-02 
    1.39494e-02    1.29135e-02    1.19578e-02    1.10752e-02 
    1.02668e-02    9.52142e-03    8.83866e-03    8.20903e-03 
    7.62633e-03    7.08922e-03    6.59391e-03    6.13098e-03 
    5.70080e-03    5.29914e-03    4.92692e-03    4.57707e-03 
    4.24808e-03    3.94513e-03    3.65742e-03    3.38995e-03 
    3.14044e-03    2.90677e-03    2.68928e-03    2.48577e-03 
    2.29679e-03    2.12033e-03    1.95635e-03    1.80416e-03 
    1.66232e-03    1.53118e-03    1.40939e-03    1.29701e-03 
    1.19234e-03    1.09626e-03    1.00676e-03    9.24562e-04 
    8.51578e-04    7.87952e-04    7.32851e-04    6.85596e-04 
    6.44492e-04    6.07513e-04    5.70074e-04    5.36859e-04 
    5.05187e-04    4.72338e-04    4.39691e-04    4.12505e-04 
    3.90723e-04    3.67566e-04    3.51049e-04    3.34565e-04 
    3.19114e-04    3.04066e-04    2.91110e-04    2.79888e-04 
    2.68419e-04    2.57719e-04    2.46971e-04    2.36173e-04 
    2.25702e-04    2.14640e-04    2.01816e-04    1.90536e-04 
    1.79801e-04    1.70372e-04    1.61220e-04    1.52144e-04 
    1.45069e-04    1.36904e-04    1.29775e-04    1.23360e-04 
    1.17961e-04    1.13089e-04    1.08233e-04    1.04073e-04 
    1.00080e-04    9.65179e-05    9.32158e-05    9.03297e-05 
    8.79142e-05    8.51705e-05    8.32885e-05    8.09725e-05 
    7.95183e-05    7.88048e-05    7.83570e-05    7.86871e-05 
    7.95837e-05    8.05888e-05    8.27910e-05    8.66032e-05 
    9.18868e-05    9.63750e-05    1.03000e-04    1.13589e-04 
    1.29179e-04    1.50264e-04    1.75267e-04    2.02721e-04 
    2.32522e-04    2.69065e-04    3.16092e-04    3.62400e-04 
    4.17871e-04    4.89273e-04    5.52894e-04    6.49943e-04 
    7.46516e-04    8.51695e-04    1.01393e-03    1.12228e-03 
    1.38656e-03    1.48379e-03    1.72200e-03    1.92185e-03 
    2.26863e-03    2.46745e-03    2.87947e-03    3.20407e-03 
    3.60547e-03    4.08365e-03    4.30936e-03    4.82668e-03 
    5.13417e-03    5.44833e-03    5.74915e-03    5.95866e-03 
    6.06097e-03    6.07757e-03    6.10656e-03    6.11789e-03 
    6.17375e-03    6.15242e-03    6.10437e-03    5.90670e-03 
    5.87863e-03    5.70105e-03    5.32307e-03    5.04718e-03 
    4.68520e-03    4.40320e-03    4.11245e-03    3.59029e-03 
    3.33903e-03    2.92530e-03    2.60937e-03    2.29139e-03 
    2.06126e-03    1.79117e-03    1.64567e-03    1.41693e-03 
    1.26210e-03    1.10712e-03    9.83687e-04    8.99864e-04 
    7.85433e-04    7.33577e-04    6.17102e-04    5.68193e-04 
    4.88637e-04    4.33735e-04    3.92675e-04    3.46386e-04 
    3.04012e-04    2.74695e-04    2.41957e-04    2.17645e-04 
    1.91309e-04    1.69345e-04    1.52853e-04    1.41102e-04 
    1.29966e-04    1.16582e-04    1.04009e-04    9.13279e-05 
    8.15841e-05    7.19171e-05    6.38415e-05    5.61609e-05 
    5.00257e-05    4.40384e-05    3.93564e-05    3.51977e-05 
    3.29475e-05    3.07386e-05    2.87643e-05    2.70068e-05 
    2.53614e-05    2.38948e-05    2.25445e-05    2.13232e-05 
    2.02086e-05    1.91758e-05    1.82349e-05    1.73718e-05 
    1.65853e-05    1.58495e-05    1.51789e-05    1.45562e-05 
    1.39890e-05    1.34620e-05    1.29759e-05    1.25266e-05 
    1.21124e-05    1.17290e-05    1.13747e-05    1.10475e-05 
    1.07430e-05    1.04616e-05    1.02012e-05    9.95973e-06 
    9.73750e-06    9.52992e-06    9.33722e-06    9.15717e-06 
    8.99239e-06    8.83819e-06    8.69718e-06    8.56461e-06 
    8.44306e-06    8.33269e-06    8.22866e-06    8.13607e-06 
    8.05003e-06    7.97316e-06    7.90558e-06    7.84740e-06 
    7.79874e-06    7.75717e-06    7.73049e-06    7.72146e-06 
    7.71991e-06    7.75198e-06    7.81282e-06    7.91064e-06 
    8.05110e-06    8.22676e-06    8.38760e-06    8.48548e-06 
    8.49029e-06    8.43051e-06    8.34581e-06    8.28460e-06 
    8.16845e-06    8.04578e-06    7.96300e-06    7.90958e-06 
    7.88308e-06    7.89486e-06    7.90375e-06    7.94868e-06 
    8.01326e-06    8.09211e-06    8.19381e-06    8.31861e-06 
    8.46672e-06    8.64409e-06    8.85385e-06    9.11351e-06 
    9.40633e-06    9.75281e-06    1.01506e-05    1.05770e-05 
    1.12302e-05    1.19197e-05    1.27045e-05    1.36532e-05 
    1.47849e-05    1.62644e-05    1.76822e-05    1.89362e-05 
    2.12775e-05    2.24940e-05    2.59243e-05    2.82351e-05 
    3.03576e-05    3.31316e-05    3.58012e-05    3.76307e-05 
    3.95326e-05    4.10766e-05    4.27223e-05    4.27663e-05 
    4.32138e-05    4.28212e-05    4.23627e-05    4.19005e-05 
    4.22845e-05    4.17858e-05    4.27406e-05    4.30012e-05 
    4.34221e-05    4.29813e-05    4.26332e-05    4.29901e-05 
    4.28318e-05    4.28985e-05    4.41338e-05    4.47570e-05 
    4.62326e-05    4.79130e-05    5.01615e-05    5.33789e-05 
    5.73752e-05    6.17925e-05    6.76657e-05    7.55747e-05 
    8.30609e-05    9.25033e-05    1.04457e-04    1.17020e-04 
    1.29757e-04    1.48678e-04    1.67334e-04    1.93029e-04 
    2.16198e-04    2.46301e-04    2.77607e-04    3.19732e-04 
    3.62821e-04    4.21200e-04    4.73980e-04    5.48373e-04 
    6.22479e-04    7.09999e-04    8.03995e-04    9.48347e-04 
    1.06124e-03    1.23979e-03    1.38867e-03    1.60806e-03 
    1.85480e-03    2.16901e-03    2.28491e-03    2.63125e-03 
    2.87110e-03    3.03338e-03    3.50911e-03    3.81421e-03 
    4.03703e-03    4.31976e-03    4.58186e-03    4.73820e-03 
    4.91013e-03    5.19801e-03    5.19326e-03    5.17721e-03 
    5.10112e-03    4.93075e-03    4.66910e-03    4.63235e-03 
    4.34194e-03    4.11819e-03    3.87041e-03    3.38876e-03 
    3.17819e-03    2.79406e-03    2.47859e-03    2.16646e-03 
    1.94807e-03    1.69562e-03    1.46010e-03    1.28017e-03 
    1.10632e-03    9.71855e-04    8.50027e-04    7.44866e-04 
    6.53744e-04    5.74006e-04    5.07722e-04    4.49437e-04 
    3.98417e-04    3.52565e-04    3.12160e-04    2.77565e-04 
    2.45851e-04    2.18772e-04    1.94870e-04    1.73238e-04 
    1.53770e-04    1.37176e-04    1.21764e-04    1.08320e-04 
    9.66136e-05    8.58762e-05    7.65274e-05    6.79998e-05 
    6.05065e-05    5.38892e-05    4.80297e-05    4.28503e-05 
    3.81972e-05    3.40577e-05    3.04188e-05    2.70064e-05 
    2.41512e-05    2.20729e-05    2.07220e-05    1.98189e-05 
    1.89157e-05    1.79356e-05    1.70148e-05    1.61625e-05 
    1.53619e-05    1.46220e-05    1.39304e-05    1.32831e-05 
    1.26803e-05    1.21181e-05    1.15925e-05    1.11036e-05 
    1.06474e-05    1.02153e-05    9.81635e-06    9.44192e-06 
    9.08779e-06    8.76296e-06    8.45433e-06    8.16646e-06 
    7.89950e-06    7.64913e-06    7.41548e-06    7.19866e-06 
    6.99878e-06    6.82049e-06    6.64585e-06    6.49301e-06 
    6.36665e-06    6.25785e-06    6.16673e-06    6.07972e-06 
    5.98312e-06    5.87689e-06    5.77013e-06    5.64905e-06 
    5.49972e-06    5.35894e-06    5.25457e-06    5.17293e-06 
    5.10950e-06    5.04109e-06    4.98170e-06    4.94074e-06 
    4.90425e-06    4.87227e-06    4.85425e-06    4.84556e-06 
    4.85099e-06    4.86113e-06    4.88554e-06    4.91953e-06 
    4.96794e-06    5.01650e-06    5.07960e-06    5.16212e-06 
    5.25938e-06    5.37146e-06    5.50328e-06    5.64528e-06 
    5.81692e-06    6.02325e-06    6.24498e-06    6.42364e-06 
    6.62742e-06    7.03781e-06    7.79849e-06    8.89186e-06 
    1.01572e-05    1.15462e-05    1.30940e-05    1.48613e-05 
    1.68642e-05    1.91389e-05    2.17718e-05    2.46750e-05 
    2.80905e-05    3.19410e-05    3.64251e-05    4.14759e-05 
    4.75208e-05    5.41862e-05    6.24538e-05    7.12104e-05 
    8.14257e-05    9.28019e-05    1.08718e-04    1.22135e-04 
    1.42629e-04    1.66594e-04    1.88075e-04    2.22998e-04 
    2.45340e-04    2.75533e-04    3.07084e-04    3.47279e-04 
    3.69814e-04    4.16538e-04    4.36096e-04    4.57820e-04 
    4.94894e-04    5.23218e-04    5.40427e-04    5.56747e-04 
    5.78940e-04    5.80024e-04    5.76863e-04    5.61457e-04 
    5.46522e-04    5.18453e-04    4.94661e-04    4.52725e-04 
    4.27053e-04    3.90745e-04    3.39057e-04    3.23924e-04 
    2.70297e-04    2.48641e-04    2.16107e-04    1.89106e-04 
    1.66525e-04    1.45497e-04    1.25320e-04    1.09231e-04 
    9.58254e-05    8.33598e-05    7.34910e-05    6.42480e-05 
    5.67944e-05    4.98506e-05    4.41124e-05    3.89645e-05 
    3.44545e-05    3.06082e-05    2.71334e-05    2.40376e-05 
    2.12894e-05    1.89748e-05    1.68825e-05    1.49799e-05 
    1.33527e-05    1.18892e-05    1.05395e-05    9.38925e-06 
    8.34857e-06    7.45222e-06    6.62684e-06    5.89568e-06 
    5.26380e-06    4.68990e-06    4.18863e-06    3.74831e-06 
    3.33468e-06    2.98022e-06    2.66674e-06    2.37243e-06 
    2.12004e-06    1.91734e-06    1.77681e-06    1.66553e-06 
    1.56730e-06    1.46697e-06    1.37508e-06    1.28816e-06 
    1.20741e-06    1.13168e-06    1.06159e-06    9.96575e-07 
    9.35484e-07    8.78335e-07    8.25148e-07    7.75944e-07 
    7.30744e-07    6.87180e-07    6.47655e-07    6.10989e-07 
    5.77079e-07    5.45698e-07    5.16197e-07    4.87200e-07 
    4.60459e-07    4.34112e-07    4.09676e-07    3.86614e-07 
    3.64995e-07    3.45374e-07    3.27577e-07    3.11371e-07 
    2.96456e-07    2.82411e-07    2.69485e-07    2.57745e-07 
    2.47014e-07    2.37233e-07    2.28470e-07    2.20792e-07 
    2.13831e-07    2.08027e-07    2.03198e-07    1.98976e-07 
    1.95300e-07    1.93111e-07    1.91477e-07    1.90464e-07 
    1.90451e-07    1.91443e-07    1.93445e-07    1.96524e-07 
    2.00622e-07    2.05808e-07    2.12087e-07    2.20034e-07 
    2.29149e-07    2.39565e-07    2.51606e-07    2.65791e-07 
    2.81361e-07    2.99606e-07    3.19701e-07    3.42877e-07 
    3.68633e-07    3.97561e-07    4.31482e-07    4.66410e-07 
    5.09019e-07    5.59019e-07    6.15795e-07    6.71310e-07 
    7.39435e-07    8.24728e-07    9.12237e-07    1.02553e-06 
    1.14047e-06    1.29777e-06    1.44634e-06    1.68752e-06 
    1.93535e-06    2.23610e-06    2.64091e-06    3.19795e-06 
    3.79047e-06    4.56877e-06    5.41259e-06    6.51610e-06 
    7.55413e-06    8.98217e-06    1.03341e-05    1.21994e-05 
    1.48153e-05    1.68674e-05    1.92150e-05    2.04030e-05 
    2.21346e-05    2.34925e-05    2.50100e-05    2.66539e-05 
    2.78747e-05    2.87043e-05    3.02379e-05    3.10050e-05 
    3.26417e-05    3.29217e-05    3.43807e-05    3.36139e-05 
    3.48717e-05    3.49082e-05    3.56338e-05    3.54089e-05 
    3.62821e-05    3.88740e-05    4.05168e-05    4.33023e-05 
    4.65405e-05    5.14930e-05    5.62712e-05    6.38687e-05 
    7.05300e-05    7.81199e-05    8.86051e-05    1.01015e-04 
    1.15568e-04    1.30655e-04    1.51353e-04    1.63566e-04 
    1.91790e-04    2.04023e-04    2.11964e-04    2.47684e-04 
    2.54570e-04    2.87101e-04    3.03683e-04    3.24307e-04 
    3.45988e-04    3.45465e-04    3.59347e-04    3.77000e-04 
    3.79317e-04    3.81927e-04    3.77262e-04    3.68902e-04 
    3.71071e-04    3.43642e-04    3.21355e-04    2.98207e-04 
    2.61987e-04    2.36655e-04    1.99011e-04    1.72866e-04 
    1.40439e-04    1.13996e-04    9.67860e-05    7.76215e-05 
    6.25557e-05    5.01046e-05    4.00065e-05    3.20718e-05 
    2.59253e-05    2.11009e-05    1.73595e-05    1.44535e-05 
    1.22450e-05    1.04768e-05    9.17290e-06    8.18607e-06 
    7.36530e-06    6.65222e-06    6.08916e-06    5.55308e-06 
    5.11012e-06    4.68701e-06    4.31017e-06    3.96850e-06 
    3.67042e-06    3.38590e-06    3.15358e-06    2.90927e-06 
    2.70982e-06    2.50907e-06    2.33061e-06    2.17071e-06 
    2.00810e-06    1.86872e-06    1.73891e-06    1.61794e-06 
    1.50585e-06    1.40421e-06    1.31152e-06    1.22397e-06 
    1.14312e-06    1.06900e-06    9.99326e-07    9.34879e-07 
    8.75684e-07    8.18661e-07    7.68552e-07    7.19945e-07 
    6.75492e-07    6.34041e-07    5.95056e-07    5.59174e-07 
    5.25232e-07    4.93787e-07    4.64770e-07    4.37170e-07 
    4.12093e-07    3.88448e-07    3.66317e-07    3.45866e-07 
    3.26864e-07    3.09236e-07    2.92831e-07    2.77574e-07 
    2.63707e-07    2.50917e-07    2.39289e-07    2.28588e-07 
    2.19056e-07    2.10779e-07    2.03600e-07    1.97764e-07 
    1.92876e-07    1.90223e-07    1.88448e-07    1.89163e-07 
    1.91088e-07    2.01006e-07    2.04808e-07    2.20832e-07 
    2.48396e-07    2.69378e-07    2.94713e-07    3.28806e-07 
    3.68191e-07    4.05877e-07    4.57931e-07    4.94264e-07 
    5.34691e-07    5.64325e-07    6.23131e-07    6.72556e-07 
    7.23661e-07    7.77519e-07    8.02756e-07    8.32174e-07 
    8.39779e-07    8.58974e-07    8.78213e-07    8.91694e-07 
    9.01057e-07    9.22899e-07    9.49781e-07    9.65900e-07 
    9.78720e-07    9.84890e-07    9.91908e-07    9.98940e-07 
    9.98447e-07    1.02646e-06    1.04531e-06    1.04738e-06 
    1.10921e-06    1.16022e-06    1.24088e-06    1.33608e-06 
    1.44842e-06    1.56863e-06    1.74844e-06    1.92613e-06 
    2.18068e-06    2.45878e-06    2.77924e-06    3.19166e-06 
    3.65795e-06    4.19964e-06    4.81017e-06    5.42637e-06 
    6.25320e-06    7.13257e-06    8.00880e-06    9.38691e-06 
    1.07070e-05    1.16248e-05    1.25102e-05    1.40026e-05 
    1.59743e-05    1.67809e-05    1.76934e-05    1.89206e-05 
    1.99767e-05    2.11743e-05    2.12507e-05    2.14929e-05 
    2.28010e-05    2.28793e-05    2.25989e-05    2.14941e-05 
    2.10622e-05    2.06293e-05    1.93689e-05    1.81849e-05 
    1.70862e-05    1.57028e-05    1.37597e-05    1.22986e-05 
    1.06483e-05    9.28672e-06    8.39578e-06    7.37671e-06 
    6.43625e-06    5.62275e-06    4.91881e-06    4.32390e-06 
    3.82412e-06    3.39385e-06    3.02258e-06    2.68453e-06 
    2.40224e-06    2.15525e-06    1.91849e-06    1.71360e-06 
    1.53619e-06    1.37371e-06    1.21901e-06    1.08837e-06 
    9.68296e-07    8.52308e-07    7.68714e-07    6.78216e-07 
    6.07061e-07    5.39480e-07    4.79766e-07    4.29587e-07 
    3.80850e-07    3.43703e-07    3.00803e-07    2.68250e-07 
    2.39201e-07    2.12476e-07    1.87621e-07    1.69611e-07 
    1.51010e-07    1.35502e-07    1.20883e-07    1.08634e-07 
    9.70064e-08    8.68068e-08    7.84200e-08    7.06553e-08 
    6.33196e-08    5.68885e-08    5.17279e-08    4.80003e-08 
    4.50667e-08    4.24443e-08    3.98816e-08    3.75099e-08 
    3.53111e-08    3.32481e-08    3.13497e-08    2.95881e-08 
    2.79450e-08    2.64114e-08    2.49970e-08    2.36740e-08 
    2.24520e-08    2.13220e-08    2.02748e-08    1.93105e-08 
    1.84296e-08    1.76133e-08    1.68808e-08    1.62038e-08 
    1.56206e-08    1.51219e-08    1.46604e-08    1.42743e-08 
    1.40213e-08    1.38444e-08    1.38012e-08    1.38058e-08 
    1.39737e-08    1.40458e-08    1.42335e-08    1.45854e-08 
    1.48318e-08    1.53490e-08    1.59639e-08    1.69282e-08 
    1.75362e-08    1.82230e-08    1.87558e-08    1.96880e-08 
    2.02039e-08    2.11199e-08    2.19110e-08    2.26550e-08 
    2.35078e-08    2.40495e-08    2.48076e-08    2.52733e-08 
    2.56322e-08    2.66981e-08    2.73242e-08    2.81776e-08 
    2.89145e-08    2.91407e-08    2.96926e-08    3.11439e-08 
    3.19854e-08    3.54991e-08    3.80000e-08    4.04661e-08 
    4.31951e-08    4.71211e-08    5.11741e-08    5.62003e-08 
    6.16946e-08    6.72795e-08    7.55101e-08    8.41265e-08 
    9.42699e-08    1.04303e-07    1.16731e-07    1.34498e-07 
    1.52401e-07    1.69434e-07    2.04809e-07    2.37837e-07 
    2.83326e-07    3.32537e-07    4.11029e-07    4.74613e-07 
    6.22509e-07    7.66945e-07    9.68946e-07    1.15186e-06 
    1.29926e-06    1.38696e-06    1.46159e-06    1.56897e-06 
    1.70511e-06    1.83028e-06    1.94751e-06    2.08236e-06 
    2.19494e-06    2.34873e-06    2.43203e-06    2.55964e-06 
    2.67824e-06    2.78369e-06    2.95113e-06    3.12918e-06 
    3.23536e-06    3.51625e-06    3.78837e-06    3.96996e-06 
    4.37973e-06    4.92193e-06    5.52015e-06    5.98553e-06 
    6.94143e-06    7.50892e-06    8.03686e-06    9.33937e-06 
    9.82932e-06    1.08216e-05    1.15846e-05    1.24433e-05 
    1.30521e-05    1.41340e-05    1.37485e-05    1.42972e-05 
    1.43422e-05    1.43452e-05    1.41480e-05    1.36341e-05 
    1.32353e-05    1.30470e-05    1.22450e-05    1.17167e-05 
    1.05527e-05    9.55522e-06    8.39556e-06    7.34739e-06 
    6.73961e-06    5.92207e-06    5.14242e-06    4.47648e-06 
    3.94377e-06    3.49980e-06    3.13200e-06    2.81809e-06 
    2.56144e-06    2.35043e-06    2.16907e-06    2.03034e-06 
    1.90534e-06    1.79409e-06    1.72679e-06    1.66800e-06 
    1.65874e-06    1.61165e-06    1.63800e-06    1.60054e-06 
    1.57059e-06    1.64033e-06    1.62230e-06    1.66070e-06 
    1.70135e-06    1.70182e-06    1.69138e-06    1.71036e-06 
    1.72828e-06    1.71456e-06    1.68114e-06    1.67500e-06 
    1.47394e-06    1.31415e-06    1.14530e-06    9.76358e-07 
    7.77659e-07    6.47239e-07    5.54788e-07    4.55007e-07 
    4.04018e-07    3.30415e-07    2.89718e-07    2.46846e-07 
    2.08546e-07    1.73833e-07    1.49481e-07    1.26973e-07 
    1.12089e-07    9.82124e-08    8.79946e-08    7.88502e-08 
    7.26214e-08    6.49754e-08    5.93260e-08    5.45832e-08 
    4.98766e-08    4.58446e-08    4.18503e-08    3.87912e-08 
    3.59848e-08    3.32858e-08    3.07395e-08    2.85038e-08 
    2.64895e-08    2.46633e-08    2.29580e-08    2.13401e-08 
    1.99454e-08    1.86501e-08    1.74545e-08    1.63587e-08 
    1.53745e-08    1.44681e-08    1.36169e-08    1.28893e-08 
    1.21945e-08    1.15670e-08    1.10044e-08    1.04969e-08 
    1.00444e-08    9.64596e-09    9.29950e-09    9.00283e-09 
    8.73773e-09    8.58462e-09    8.44272e-09    8.30861e-09 
    8.39285e-09    8.45074e-09    8.74497e-09    8.88283e-09 
    9.10403e-09    9.83399e-09    1.04785e-08    1.14886e-08 
    1.25456e-08    1.43882e-08    1.70462e-08    2.01616e-08 
    2.28523e-08    2.48029e-08    2.65473e-08    2.88190e-08 
    3.17010e-08    3.41093e-08    3.65449e-08    3.93004e-08 
    4.26105e-08    4.57973e-08    4.91887e-08    5.28087e-08 
    5.79143e-08    6.17945e-08    6.76924e-08    7.36120e-08 
    7.85164e-08    8.66009e-08    9.42387e-08    1.04854e-07 
    1.18809e-07    1.32278e-07    1.48138e-07    1.69239e-07 
    1.90968e-07    2.24130e-07    2.46772e-07    2.77181e-07 
    3.27396e-07    3.64592e-07    4.19850e-07    4.53962e-07 
    4.99236e-07    5.46735e-07    6.17993e-07    6.74406e-07 
    7.19650e-07    7.79476e-07    8.19479e-07    8.66033e-07 
    8.72877e-07    9.25805e-07    9.42941e-07    9.39740e-07 
    9.22664e-07    8.81541e-07    8.63662e-07    8.43456e-07 
    7.98897e-07    7.51842e-07    6.89560e-07    6.58831e-07 
    5.78283e-07    5.08901e-07    4.42566e-07    3.89751e-07 
    3.46835e-07    3.05921e-07    2.67624e-07    2.37566e-07 
    2.13812e-07    1.91608e-07    1.74508e-07    1.59463e-07 
    1.46721e-07    1.36045e-07    1.27069e-07    1.19418e-07 
    1.13219e-07    1.10233e-07    1.05654e-07    1.01843e-07 
    1.00136e-07    9.86117e-08    9.73068e-08    9.57277e-08 
    9.60643e-08    9.33542e-08    9.20281e-08    9.27219e-08 
    9.05611e-08    8.96641e-08    8.99469e-08    8.88611e-08 
    8.82467e-08    8.02020e-08    6.96742e-08    6.26130e-08 
    4.94304e-08    4.17290e-08    3.18503e-08    2.68155e-08 
    2.20735e-08    2.11376e-08    1.89195e-08    1.55924e-08 
    1.35928e-08    1.21752e-08    1.00299e-08    8.73454e-09 
    7.30342e-09    6.39898e-09    5.62450e-09    5.01949e-09 
    4.49324e-09    4.08773e-09    3.72467e-09    3.40162e-09 
    3.13645e-09    2.89373e-09    2.67733e-09    2.48094e-09 
    2.30588e-09    2.14330e-09    1.99321e-09    1.86075e-09 
    1.74086e-09    1.63356e-09    1.53505e-09    1.44534e-09 
    1.36575e-09    1.29115e-09    1.22478e-09    1.16537e-09 
    1.11242e-09    1.06556e-09    1.02430e-09    9.88501e-10 
    9.57936e-10    9.32354e-10    9.11637e-10    8.95927e-10 
    8.84846e-10    8.78665e-10    8.77395e-10    8.81047e-10 
    8.89632e-10    9.03421e-10    9.22556e-10    9.47309e-10 
    9.77953e-10    1.01489e-09    1.05840e-09    1.10889e-09 
    1.16728e-09    1.23411e-09    1.31085e-09    1.39947e-09 
    1.50263e-09    1.61380e-09    1.73955e-09    1.89042e-09 
    2.01526e-09    2.17444e-09    2.38514e-09    2.65800e-09 
    3.03793e-09    3.45533e-09    3.90632e-09    4.44641e-09 
    5.04410e-09    5.72199e-09    6.52391e-09    7.39850e-09 
    8.43072e-09    9.65670e-09    1.09270e-08    1.25430e-08 
    1.43235e-08    1.63420e-08    1.88559e-08    2.14933e-08 
    2.45611e-08    2.81003e-08    3.21117e-08    3.64363e-08 
    4.27054e-08    4.80875e-08    5.55926e-08    6.34436e-08 
    7.25261e-08    8.16756e-08    9.08788e-08    1.03333e-07 
    1.14892e-07    1.29455e-07    1.40982e-07    1.56447e-07 
    1.74767e-07    1.92169e-07    2.12838e-07    2.35023e-07 
    2.56023e-07    2.81521e-07    3.16400e-07    3.52958e-07 
    3.74376e-07    4.07363e-07    4.57106e-07    4.82589e-07 
    5.29874e-07    5.69467e-07    6.28600e-07    6.60687e-07 
    6.91455e-07    7.40973e-07    7.57086e-07    8.01800e-07 
    8.20579e-07    8.21173e-07    8.30536e-07    8.15092e-07 
    8.03467e-07    7.77406e-07    7.59002e-07    7.39057e-07 
    6.79861e-07    6.45644e-07    5.74716e-07    5.39684e-07 
    4.72441e-07    4.13942e-07    3.59090e-07    3.11628e-07 
    2.69357e-07    2.36860e-07    2.08891e-07    1.85320e-07 
    1.65186e-07    1.48357e-07    1.33769e-07    1.22026e-07 
    1.11464e-07    1.03366e-07    9.59670e-08    9.04410e-08 
    8.60239e-08    8.27320e-08    7.95193e-08    7.90999e-08 
    7.89179e-08    7.98704e-08    8.10484e-08    8.24104e-08 
    8.80001e-08    8.93126e-08    9.17375e-08    1.00413e-07 
    1.04763e-07    1.13051e-07    1.19630e-07    1.28998e-07 
    1.34637e-07    1.37289e-07    1.43931e-07    1.47427e-07 
    1.49230e-07    1.54718e-07    1.54968e-07    1.52096e-07 
    1.48511e-07    1.31892e-07    1.14496e-07    9.50411e-08 
    8.01577e-08    7.02830e-08    4.97299e-08    4.74245e-08 
    4.03474e-08    3.47034e-08    2.93232e-08    2.40213e-08 
    2.02010e-08    1.77651e-08    1.57416e-08    1.38702e-08 
    1.22446e-08    1.12747e-08    1.02042e-08    8.79999e-09 
    7.55215e-09    6.51292e-09    5.85138e-09    5.45725e-09 
    5.05536e-09    4.72513e-09    4.27303e-09    3.81306e-09 
    3.56670e-09    3.17224e-09    2.87871e-09    2.59783e-09 
    2.37753e-09    2.16564e-09    2.01014e-09    1.84861e-09 
    1.69705e-09    1.57586e-09    1.46034e-09    1.35880e-09 
    1.26924e-09    1.19124e-09    1.12205e-09    1.06051e-09 
    1.00592e-09    9.57542e-10    9.14815e-10    8.77602e-10 
    8.45620e-10    8.18586e-10    7.96510e-10    7.79257e-10 
    7.66834e-10    7.59253e-10    7.56964e-10    7.60126e-10 
    7.69193e-10    7.84324e-10    8.06122e-10    8.40514e-10 
    8.80572e-10    9.30155e-10    1.01550e-09    1.08955e-09 
    1.18742e-09    1.32936e-09    1.53119e-09    1.73878e-09 
    2.00019e-09    2.41521e-09    2.97673e-09    3.73567e-09 
    4.47923e-09    5.04024e-09    5.50643e-09    6.15253e-09 
    6.83087e-09    7.51759e-09    8.47318e-09    9.33415e-09 
    1.03147e-08    1.19940e-08    1.27974e-08    1.45602e-08 
    1.66228e-08    1.83784e-08    2.03921e-08    2.29656e-08 
    2.67480e-08    2.90124e-08    3.29093e-08    3.59205e-08 
    4.02199e-08    4.39503e-08    4.77159e-08    5.09565e-08 
    5.42165e-08    5.84811e-08    6.13709e-08    6.36877e-08 
    6.32736e-08    6.77375e-08    6.79185e-08    6.70192e-08 
    6.60426e-08    6.32361e-08    6.22556e-08    5.96565e-08 
    5.68402e-08    5.36841e-08    5.04933e-08    4.35506e-08 
    3.89714e-08    3.41565e-08    3.05615e-08    2.65784e-08 
    2.28356e-08    1.99173e-08    1.75791e-08    1.54377e-08 
    1.34490e-08    1.22060e-08    1.08365e-08    9.74743e-09 
    8.87596e-09    8.10370e-09    7.49108e-09    6.95803e-09 
    6.62844e-09    6.23342e-09    6.03765e-09    5.92530e-09 
    5.83141e-09    5.90184e-09    5.95995e-09    5.97307e-09 
    6.59710e-09    6.81596e-09    7.13158e-09    7.54883e-09 
    8.11778e-09    8.39583e-09    9.18604e-09    9.94758e-09 
    1.05257e-08    1.12062e-08    1.15997e-08    1.22520e-08 
    1.25886e-08    1.27267e-08    1.27880e-08    1.25246e-08 
    1.22216e-08    1.08419e-08    9.48082e-09    7.70900e-09 
    6.10496e-09    4.83285e-09    3.99261e-09    3.55664e-09 
    3.24481e-09    2.47777e-09    2.20911e-09    1.81678e-09 
    1.46336e-09    1.21999e-09    1.01956e-09    8.74050e-10 
    7.58491e-10    6.66911e-10    5.90938e-10    5.30126e-10 
    4.79414e-10    4.36594e-10    3.99930e-10    3.68317e-10 
    3.40810e-10    3.16936e-10    2.96065e-10    2.78043e-10 
    2.62395e-10    2.48966e-10    2.37280e-10    2.27661e-10 
    2.19471e-10    2.13035e-10    2.08033e-10    2.04470e-10 
    2.02188e-10    2.01348e-10    2.01794e-10    2.03688e-10 
    2.06711e-10    2.11349e-10    2.17281e-10    2.24673e-10 
    2.33687e-10    2.44165e-10    2.56434e-10    2.70334e-10 
    2.86354e-10    3.04336e-10    3.22340e-10    3.41987e-10 
    3.68793e-10    4.08289e-10    4.61798e-10    5.24957e-10 
    5.95184e-10    6.75581e-10    7.67796e-10    8.72989e-10 
    9.93140e-10    1.13007e-09    1.28609e-09    1.46385e-09 
    1.66633e-09    1.89947e-09    2.16559e-09    2.47131e-09 
    2.81671e-09    3.21987e-09    3.66779e-09    4.19992e-09 
    4.80491e-09    5.53711e-09    6.31457e-09    7.28372e-09 
    8.45644e-09    9.54660e-09    1.10335e-08    1.25716e-08 
    1.42633e-08    1.68680e-08    1.87609e-08    2.14822e-08 
    2.44878e-08    2.76625e-08    3.09734e-08    3.52158e-08 
    3.90655e-08    4.28368e-08    4.97323e-08    5.46104e-08 
    6.15045e-08    6.66945e-08    7.18407e-08    7.53453e-08 
    8.32839e-08    9.07819e-08    9.35536e-08    9.60950e-08 
    9.95741e-08    1.01537e-07    1.03737e-07    1.04952e-07 
    1.04111e-07    1.02749e-07    1.00515e-07    9.74564e-08 
    9.04528e-08    8.97846e-08    8.30703e-08    7.77763e-08 
    6.92144e-08    6.24424e-08    5.67564e-08    4.92279e-08 
    4.29712e-08    3.76346e-08    3.25447e-08    2.83435e-08 
    2.46610e-08    2.17854e-08    1.91093e-08    1.68412e-08 
    1.48364e-08    1.31459e-08    1.16958e-08    1.04476e-08 
    9.37608e-09    8.41877e-09    7.62685e-09    6.92239e-09 
    6.34128e-09    5.85140e-09    5.45801e-09    5.12210e-09 
    4.85569e-09    4.71863e-09    4.58823e-09    4.54990e-09 
    4.56279e-09    4.60989e-09    4.76654e-09    4.89769e-09 
    5.15402e-09    5.44665e-09    5.81163e-09    6.15472e-09 
    6.55657e-09    6.96404e-09    7.59198e-09    8.08822e-09 
    8.83970e-09    9.40092e-09    1.04314e-08    1.09166e-08 
    1.16817e-08    1.24581e-08    1.33252e-08    1.40481e-08 
    1.46785e-08    1.48305e-08    1.55935e-08    1.56146e-08 
    1.55923e-08    1.55319e-08    1.53309e-08    1.48901e-08 
    1.41744e-08    1.40713e-08    1.29909e-08    1.23651e-08 
    1.14165e-08    1.04390e-08    9.01258e-09    7.71352e-09 
    6.89273e-09    5.83011e-09    5.06844e-09    4.44046e-09 
    3.87296e-09    3.40278e-09    3.00385e-09    2.63248e-09 
    2.34656e-09    2.07785e-09    1.84218e-09    1.63888e-09 
    1.45907e-09    1.28503e-09    1.15176e-09    1.02679e-09 
    9.11532e-10    8.10237e-10    7.20106e-10    6.41688e-10 
    5.72886e-10    5.12656e-10    4.59954e-10    4.13731e-10 
    3.73468e-10    3.38645e-10    3.08739e-10    2.83051e-10 
    2.61588e-10    2.43647e-10    2.29411e-10    2.18355e-10 
    2.10484e-10    2.05803e-10    2.03961e-10    2.05320e-10 
    2.09529e-10    2.17127e-10    2.28119e-10    2.42511e-10 
    2.61022e-10    2.84017e-10    3.12574e-10    3.46703e-10 
    3.85518e-10    4.34753e-10    4.91919e-10    5.46640e-10 
    6.33141e-10    7.11310e-10    8.02123e-10    9.04884e-10 
    1.05248e-09    1.19754e-09    1.35247e-09    1.50073e-09 
    1.69416e-09    1.93066e-09    2.18580e-09    2.42139e-09 
    2.69872e-09    3.00343e-09    3.29042e-09    3.66626e-09 
    4.03708e-09    4.44449e-09    4.90302e-09    5.30228e-09 
    5.64400e-09    6.08399e-09    6.51538e-09    6.92910e-09 
    7.14715e-09    7.37815e-09    7.54213e-09    7.81906e-09 
    7.68502e-09    7.74018e-09    7.80997e-09    7.61371e-09 
    7.46648e-09    7.19317e-09    6.88669e-09    6.60181e-09 
    6.20328e-09    5.89211e-09    5.10670e-09    4.87879e-09 
    4.22935e-09    3.72399e-09    3.19057e-09    2.81619e-09 
    2.42855e-09    2.11396e-09    1.80142e-09    1.59040e-09 
    1.38706e-09    1.21829e-09    1.07401e-09    9.42107e-10 
    8.30156e-10    7.33210e-10    6.49631e-10    5.74641e-10 
    5.16752e-10    4.62128e-10    4.14289e-10    3.72504e-10 
    3.36785e-10    3.06214e-10    2.80429e-10    2.58696e-10 
    2.41022e-10    2.27413e-10    2.16947e-10    2.08886e-10 
    2.13460e-10    2.05946e-10    2.09964e-10    2.17712e-10 
    2.29753e-10    2.43671e-10    2.53500e-10    2.87975e-10 
    3.14831e-10    3.35176e-10    3.79095e-10    4.13335e-10 
    4.56781e-10    4.96715e-10    5.29759e-10    5.79707e-10 
    6.15081e-10    6.66251e-10    6.90256e-10    7.14286e-10 
    7.22367e-10    7.64864e-10    7.69970e-10    7.53247e-10 
    7.35188e-10    6.82818e-10    6.84874e-10    6.83159e-10 
    6.49738e-10    6.01176e-10    5.54264e-10    4.67988e-10 
    4.18308e-10    3.53251e-10    3.01755e-10    2.59486e-10 
    2.25890e-10    1.98136e-10    1.74735e-10    1.55068e-10 
    1.38438e-10    1.24450e-10    1.12710e-10    1.02992e-10 
    9.50533e-11    8.87435e-11    8.39320e-11    8.05259e-11 
    7.84892e-11    7.77477e-11    7.83034e-11    8.01776e-11 
    8.34103e-11    8.80612e-11    9.42088e-11    1.01932e-10 
    1.11406e-10    1.22748e-10    1.36172e-10    1.51891e-10 
    1.70160e-10    1.91289e-10    2.15705e-10    2.43682e-10 
    2.75725e-10    3.12803e-10    3.55694e-10    4.05754e-10 
    4.66654e-10    5.34364e-10    6.06580e-10    7.14761e-10 
    8.24405e-10    9.11947e-10    1.03611e-09    1.17625e-09 
    1.37264e-09    1.54232e-09    1.78712e-09    2.03063e-09 
    2.30113e-09    2.59131e-09    3.06031e-09    3.44048e-09 
    3.91817e-09    4.37302e-09    5.11417e-09    5.66347e-09 
    6.53256e-09    7.43954e-09    8.13114e-09    9.37906e-09 
    1.02479e-08    1.13947e-08    1.20800e-08    1.32933e-08 
    1.39118e-08    1.44097e-08    1.49941e-08    1.52562e-08 
    1.55635e-08    1.57458e-08    1.55930e-08    1.53949e-08 
    1.47531e-08    1.46506e-08    1.36051e-08    1.28357e-08 
    1.21854e-08    1.06649e-08    9.40264e-09    8.09581e-09 
    7.24872e-09
*END
