*BEGIN_DATA 

     Start of table                =  -2.000000e+01     cm-1 
     End of table                  =  1.990000e+04     cm-1 
     Increment in table            =  1.000000e+01     cm-1 
     Number of points in table     =  1993 

     Continuum coefficients (cm^3.molec-1 * 1.0E-20) 
    0.00000e+00    2.04559e-03    0.00000e+00    2.04507e-03 
    7.67932e-03    1.52792e-02    2.29310e-02    2.96717e-02 
    3.54211e-02    4.04213e-02    4.52308e-02    4.97608e-02 
    5.37409e-02    5.69451e-02    5.92161e-02    6.05297e-02 
    6.08575e-02    6.03835e-02    5.91468e-02    5.72685e-02 
    5.48899e-02    5.21436e-02    4.91398e-02    4.59777e-02 
    4.27453e-02    3.95413e-02    3.64287e-02    3.34490e-02 
    3.06342e-02    2.79923e-02    2.55636e-02    2.33332e-02 
    2.12939e-02    1.94459e-02    1.78856e-02    1.64925e-02 
    1.52512e-02    1.41185e-02    1.30742e-02    1.21654e-02 
    1.13658e-02    1.06170e-02    9.93021e-03    9.28832e-03 
    8.69191e-03    8.13359e-03    7.61410e-03    7.14342e-03 
    6.66632e-03    6.23962e-03    5.83784e-03    5.45032e-03 
    5.08744e-03    4.74230e-03    4.41990e-03    4.11685e-03 
    3.83575e-03    3.56437e-03    3.31438e-03    3.08131e-03 
    2.86253e-03    2.65963e-03    2.47299e-03    2.29852e-03 
    2.14262e-03    1.99109e-03    1.84708e-03    1.71381e-03 
    1.59138e-03    1.48018e-03    1.38152e-03    1.29428e-03 
    1.21894e-03    1.15618e-03    1.09765e-03    1.04618e-03 
    9.94989e-04    9.44843e-04    8.87180e-04    8.89728e-04 
    8.83427e-04    8.26173e-04    7.83342e-04    7.39088e-04 
    6.94462e-04    6.61412e-04    6.36294e-04    6.14249e-04 
    5.92123e-04    5.73575e-04    5.54878e-04    5.36028e-04 
    5.15183e-04    4.89188e-04    4.58499e-04    4.32811e-04 
    4.10567e-04    3.92334e-04    3.73753e-04    3.54570e-04 
    3.40729e-04    3.24727e-04    3.09177e-04    2.94162e-04 
    2.81554e-04    2.70207e-04    2.59222e-04    2.49264e-04 
    2.40284e-04    2.31752e-04    2.23948e-04    2.17152e-04 
    2.11384e-04    2.05305e-04    2.02190e-04    1.97883e-04 
    1.96779e-04    1.95593e-04    1.95934e-04    1.97609e-04 
    2.00290e-04    2.02956e-04    2.08888e-04    2.18679e-04 
    2.32075e-04    2.42936e-04    2.55971e-04    2.78676e-04 
    2.77968e-04    3.06260e-04    3.37672e-04    3.58857e-04 
    4.00307e-04    4.47473e-04    5.12245e-04    5.74288e-04 
    6.46360e-04    7.49228e-04    8.38178e-04    9.82937e-04 
    1.13229e-03    1.29795e-03    1.55938e-03    1.74233e-03 
    2.17495e-03    2.36292e-03    2.77793e-03    3.12358e-03 
    3.72209e-03    4.08873e-03    4.81915e-03    5.37332e-03 
    6.07060e-03    6.95346e-03    7.39387e-03    8.33939e-03 
    8.94313e-03    9.63138e-03    1.02782e-02    1.07245e-02 
    1.10378e-02    1.12910e-02    1.14807e-02    1.15316e-02 
    1.16442e-02    1.16112e-02    1.15054e-02    1.10420e-02 
    1.08999e-02    1.04953e-02    9.74100e-03    9.12882e-03 
    8.38978e-03    7.82863e-03    7.25680e-03    6.26424e-03 
    5.76117e-03    5.03025e-03    4.46835e-03    3.90198e-03 
    3.50322e-03    3.05207e-03    2.80703e-03    2.40267e-03 
    2.13346e-03    1.86732e-03    1.65654e-03    1.51222e-03 
    1.32093e-03    1.23003e-03    1.03418e-03    9.46790e-04 
    8.11266e-04    7.18987e-04    6.49147e-04    5.73959e-04 
    5.03416e-04    4.58419e-04    4.07991e-04    3.68711e-04 
    3.29091e-04    2.93050e-04    2.65608e-04    2.47584e-04 
    2.30331e-04    2.08117e-04    1.87001e-04    1.66192e-04 
    1.49277e-04    1.32359e-04    1.19123e-04    1.05104e-04 
    9.52511e-05    8.45060e-05    7.61313e-05    6.85562e-05 
    6.46663e-05    6.08731e-05    5.77668e-05    5.48170e-05 
    5.21964e-05    4.96394e-05    4.72675e-05    4.52493e-05 
    4.33087e-05    4.16101e-05    3.99449e-05    3.85508e-05 
    3.71121e-05    3.59473e-05    3.47673e-05    3.37412e-05 
    3.27773e-05    3.16943e-05    3.07086e-05    3.01259e-05 
    2.92812e-05    2.84872e-05    2.78460e-05    2.71151e-05 
    2.65703e-05    2.59078e-05    2.54801e-05    2.49935e-05 
    2.45469e-05    2.40954e-05    2.36726e-05    2.32342e-05 
    2.28783e-05    2.24889e-05    2.21531e-05    2.18041e-05 
    2.15030e-05    2.11615e-05    2.08567e-05    2.05312e-05 
    2.02904e-05    1.99823e-05    1.97642e-05    1.95603e-05 
    1.93335e-05    1.91061e-05    1.89886e-05    1.88170e-05 
    1.86989e-05    1.87450e-05    1.88138e-05    1.89557e-05 
    1.91950e-05    1.95630e-05    1.98912e-05    1.99648e-05 
    1.98728e-05    1.96333e-05    1.93004e-05    1.89956e-05 
    1.86299e-05    1.81985e-05    1.78508e-05    1.75777e-05 
    1.73740e-05    1.72405e-05    1.70751e-05    1.69641e-05 
    1.69101e-05    1.68631e-05    1.68441e-05    1.68322e-05 
    1.68433e-05    1.69394e-05    1.70251e-05    1.73255e-05 
    1.75355e-05    1.79285e-05    1.84768e-05    1.89827e-05 
    1.99057e-05    2.09968e-05    2.21425e-05    2.35900e-05 
    2.53310e-05    2.74783e-05    2.96382e-05    3.13921e-05 
    3.47560e-05    3.62508e-05    4.14928e-05    4.52325e-05 
    4.90762e-05    5.30974e-05    5.82678e-05    6.15160e-05 
    6.59032e-05    6.98221e-05    7.36819e-05    7.47689e-05 
    7.67661e-05    7.66529e-05    7.66229e-05    7.65970e-05 
    7.76105e-05    7.69441e-05    7.88452e-05    7.89669e-05 
    7.91629e-05    7.78831e-05    7.70722e-05    7.74155e-05 
    7.63643e-05    7.59100e-05    7.73401e-05    7.73213e-05 
    7.87087e-05    7.99049e-05    8.24057e-05    8.57125e-05 
    9.14748e-05    9.80331e-05    1.06837e-04    1.18492e-04 
    1.30196e-04    1.44321e-04    1.62591e-04    1.81462e-04 
    2.00535e-04    2.29213e-04    2.57105e-04    2.95625e-04 
    3.29524e-04    3.73997e-04    4.18972e-04    4.82548e-04 
    5.44817e-04    6.30350e-04    7.09155e-04    8.20353e-04 
    9.25915e-04    1.05788e-03    1.19871e-03    1.42423e-03 
    1.61102e-03    1.89973e-03    2.16235e-03    2.53829e-03 
    2.98257e-03    3.54897e-03    3.80661e-03    4.48480e-03 
    4.97811e-03    5.33019e-03    6.23853e-03    6.83745e-03 
    7.24814e-03    7.75375e-03    8.22847e-03    8.55128e-03 
    8.86157e-03    9.39939e-03    9.45556e-03    9.53947e-03 
    9.55040e-03    9.29388e-03    8.81099e-03    8.71560e-03 
    8.11745e-03    7.61772e-03    7.05157e-03    6.07634e-03 
    5.59770e-03    4.83260e-03    4.20547e-03    3.59899e-03 
    3.17385e-03    2.71250e-03    2.30117e-03    1.99806e-03 
    1.72381e-03    1.51233e-03    1.32877e-03    1.17119e-03 
    1.04580e-03    9.33855e-04    8.38754e-04    7.53134e-04 
    6.75302e-04    6.05933e-04    5.43071e-04    4.87226e-04 
    4.34645e-04    3.89591e-04    3.49782e-04    3.13422e-04 
    2.80048e-04    2.51289e-04    2.25207e-04    2.02038e-04 
    1.82223e-04    1.63406e-04    1.46717e-04    1.31847e-04 
    1.18664e-04    1.06955e-04    9.62944e-05    8.68399e-05 
    7.82681e-05    7.06695e-05    6.38597e-05    5.74061e-05 
    5.19060e-05    4.79900e-05    4.55108e-05    4.40556e-05 
    4.25139e-05    4.07366e-05    3.90483e-05    3.74450e-05 
    3.59567e-05    3.45550e-05    3.32207e-05    3.19658e-05 
    3.07497e-05    2.96236e-05    2.85599e-05    2.75549e-05 
    2.65843e-05    2.56614e-05    2.47875e-05    2.39660e-05 
    2.31480e-05    2.24047e-05    2.16689e-05    2.09474e-05 
    2.02600e-05    1.95772e-05    1.89350e-05    1.83147e-05 
    1.77486e-05    1.72181e-05    1.67099e-05    1.62960e-05 
    1.59561e-05    1.56550e-05    1.53851e-05    1.51739e-05 
    1.49115e-05    1.46335e-05    1.43360e-05    1.40115e-05 
    1.36146e-05    1.32060e-05    1.29086e-05    1.26308e-05 
    1.23937e-05    1.21472e-05    1.19141e-05    1.17246e-05 
    1.15328e-05    1.13806e-05    1.12536e-05    1.11435e-05 
    1.10537e-05    1.09810e-05    1.09478e-05    1.09116e-05 
    1.09052e-05    1.08911e-05    1.09115e-05    1.09657e-05 
    1.10470e-05    1.11399e-05    1.12663e-05    1.14170e-05 
    1.16170e-05    1.18695e-05    1.21353e-05    1.23200e-05 
    1.25406e-05    1.31678e-05    1.43937e-05    1.61960e-05 
    1.82933e-05    2.05721e-05    2.30683e-05    2.58848e-05 
    2.91154e-05    3.27270e-05    3.68401e-05    4.12789e-05 
    4.64354e-05    5.20392e-05    5.83830e-05    6.51811e-05 
    7.37762e-05    8.29111e-05    9.44895e-05    1.06171e-04 
    1.21024e-04    1.38668e-04    1.63676e-04    1.85889e-04 
    2.19574e-04    2.60961e-04    3.00632e-04    3.63080e-04 
    4.08148e-04    4.67805e-04    5.33065e-04    6.11737e-04 
    6.62078e-04    7.54385e-04    7.99078e-04    8.45765e-04 
    9.16984e-04    9.66831e-04    9.89349e-04    1.01251e-03 
    1.05178e-03    1.06074e-03    1.05715e-03    1.03012e-03 
    1.00806e-03    9.62259e-04    9.18100e-04    8.33862e-04 
    7.75939e-04    6.99731e-04    5.98572e-04    5.60694e-04 
    4.60525e-04    4.14230e-04    3.52865e-04    3.03379e-04 
    2.62652e-04    2.26030e-04    1.92352e-04    1.66185e-04 
    1.45337e-04    1.26152e-04    1.11347e-04    9.78997e-05 
    8.75467e-05    7.81191e-05    7.01292e-05    6.30718e-05 
    5.65067e-05    5.10257e-05    4.60079e-05    4.12961e-05 
    3.70040e-05    3.32731e-05    2.98624e-05    2.67490e-05 
    2.40296e-05    2.15799e-05    1.92795e-05    1.73545e-05 
    1.55575e-05    1.39666e-05    1.25623e-05    1.12708e-05 
    1.01481e-05    9.12763e-06    8.23599e-06    7.45576e-06 
    6.69784e-06    6.04989e-06    5.48630e-06    4.93108e-06 
    4.45128e-06    4.07189e-06    3.81130e-06    3.61595e-06 
    3.44040e-06    3.25332e-06    3.08615e-06    2.92273e-06 
    2.76700e-06    2.62288e-06    2.48319e-06    2.35268e-06 
    2.22571e-06    2.10415e-06    1.99088e-06    1.88386e-06 
    1.78473e-06    1.68685e-06    1.59892e-06    1.51644e-06 
    1.43842e-06    1.36639e-06    1.29773e-06    1.23008e-06 
    1.16513e-06    1.10203e-06    1.04229e-06    9.84384e-07 
    9.29820e-07    8.79379e-07    8.33742e-07    7.90748e-07 
    7.51213e-07    7.13861e-07    6.78983e-07    6.47135e-07 
    6.17622e-07    5.90558e-07    5.65728e-07    5.44169e-07 
    5.24491e-07    5.08010e-07    4.93778e-07    4.81390e-07 
    4.70906e-07    4.63700e-07    4.57992e-07    4.53329e-07 
    4.51187e-07    4.50956e-07    4.52727e-07    4.57138e-07 
    4.63536e-07    4.72322e-07    4.83210e-07    4.97431e-07 
    5.13689e-07    5.32738e-07    5.54530e-07    5.79672e-07 
    6.07298e-07    6.39919e-07    6.74392e-07    7.14426e-07 
    7.57507e-07    8.04962e-07    8.60823e-07    9.15188e-07 
    9.83373e-07    1.06371e-06    1.15096e-06    1.23711e-06 
    1.34370e-06    1.48342e-06    1.62031e-06    1.80157e-06 
    1.98668e-06    2.24201e-06    2.47769e-06    2.85583e-06 
    3.24481e-06    3.70890e-06    4.31495e-06    5.16311e-06 
    6.07704e-06    7.31915e-06    8.69458e-06    1.04835e-05 
    1.22708e-05    1.47483e-05    1.72588e-05    2.06775e-05 
    2.55283e-05    2.94513e-05    3.40324e-05    3.65749e-05 
    4.00720e-05    4.28902e-05    4.58447e-05    4.91059e-05 
    5.13549e-05    5.27191e-05    5.51339e-05    5.62838e-05 
    5.90173e-05    5.92846e-05    6.13128e-05    5.94576e-05 
    6.11489e-05    6.02677e-05    6.06333e-05    5.90747e-05 
    5.95814e-05    6.24134e-05    6.35171e-05    6.67578e-05 
    7.03313e-05    7.69524e-05    8.36905e-05    9.46950e-05 
    1.05443e-04    1.17595e-04    1.35558e-04    1.56927e-04 
    1.82281e-04    2.10261e-04    2.47710e-04    2.72851e-04 
    3.26344e-04    3.53197e-04    3.71687e-04    4.38454e-04 
    4.54576e-04    5.13331e-04    5.45449e-04    5.84080e-04 
    6.27181e-04    6.28348e-04    6.55636e-04    6.93665e-04 
    7.04293e-04    7.18581e-04    7.12017e-04    6.94887e-04 
    6.95085e-04    6.37971e-04    5.90515e-04    5.39098e-04 
    4.65702e-04    4.12783e-04    3.40127e-04    2.90467e-04 
    2.30864e-04    1.83857e-04    1.53670e-04    1.22175e-04 
    9.83471e-05    7.89869e-05    6.36018e-05    5.17534e-05 
    4.26345e-05    3.52952e-05    2.94160e-05    2.47567e-05 
    2.11515e-05    1.82385e-05    1.60892e-05    1.44255e-05 
    1.30585e-05    1.18894e-05    1.09510e-05    1.00349e-05 
    9.28248e-06    8.56485e-06    7.90591e-06    7.29432e-06 
    6.76571e-06    6.26071e-06    5.84703e-06    5.42141e-06 
    5.07007e-06    4.72073e-06    4.42380e-06    4.15408e-06 
    3.89002e-06    3.66442e-06    3.45304e-06    3.25349e-06 
    3.07159e-06    2.90918e-06    2.75190e-06    2.59835e-06 
    2.45489e-06    2.32478e-06    2.19962e-06    2.07842e-06 
    1.96584e-06    1.85315e-06    1.75513e-06    1.66256e-06 
    1.57515e-06    1.49004e-06    1.41026e-06    1.33558e-06 
    1.26627e-06    1.19852e-06    1.13513e-06    1.07620e-06 
    1.01975e-06    9.66859e-07    9.16399e-07    8.68384e-07 
    8.23125e-07    7.80151e-07    7.39818e-07    7.01635e-07 
    6.65978e-07    6.32447e-07    6.01186e-07    5.71255e-07 
    5.43544e-07    5.18144e-07    4.93985e-07    4.72295e-07 
    4.52275e-07    4.36442e-07    4.22448e-07    4.14107e-07 
    4.09625e-07    4.21928e-07    4.22063e-07    4.48292e-07 
    4.97428e-07    5.31046e-07    5.71797e-07    6.26792e-07 
    6.93996e-07    7.53022e-07    8.40503e-07    9.01327e-07 
    9.75554e-07    1.03390e-06    1.14654e-06    1.24343e-06 
    1.34924e-06    1.46211e-06    1.51860e-06    1.58080e-06 
    1.59421e-06    1.63659e-06    1.67519e-06    1.70135e-06 
    1.71587e-06    1.75360e-06    1.80398e-06    1.82818e-06 
    1.84477e-06    1.83986e-06    1.83790e-06    1.83492e-06 
    1.81720e-06    1.84532e-06    1.85066e-06    1.82996e-06 
    1.91376e-06    1.97394e-06    2.07453e-06    2.19152e-06 
    2.33031e-06    2.47638e-06    2.71375e-06    2.93994e-06 
    3.27453e-06    3.64267e-06    4.09455e-06    4.70642e-06 
    5.42839e-06    6.28176e-06    7.27377e-06    8.34074e-06 
    9.77505e-06    1.13643e-05    1.30161e-05    1.55797e-05 
    1.81503e-05    2.01219e-05    2.19627e-05    2.49358e-05 
    2.88072e-05    3.05378e-05    3.24710e-05    3.47275e-05 
    3.65235e-05    3.83335e-05    3.83771e-05    3.88850e-05 
    4.13856e-05    4.18033e-05    4.15326e-05    3.99089e-05 
    3.92544e-05    3.83033e-05    3.56427e-05    3.30070e-05 
    3.04628e-05    2.75496e-05    2.36880e-05    2.08052e-05 
    1.76595e-05    1.51145e-05    1.34413e-05    1.16425e-05 
    1.00221e-05    8.71462e-06    7.63546e-06    6.74865e-06 
    6.00898e-06    5.42143e-06    4.93919e-06    4.45905e-06 
    4.05274e-06    3.67253e-06    3.30104e-06    2.95808e-06 
    2.66700e-06    2.39484e-06    2.13342e-06    1.90923e-06 
    1.70788e-06    1.51229e-06    1.36769e-06    1.21107e-06 
    1.08696e-06    9.66457e-07    8.58925e-07    7.69089e-07 
    6.80951e-07    6.12863e-07    5.37411e-07    4.78693e-07 
    4.27133e-07    3.80099e-07    3.35506e-07    3.05908e-07 
    2.72995e-07    2.47418e-07    2.23751e-07    2.02440e-07 
    1.84465e-07    1.67485e-07    1.54375e-07    1.41528e-07 
    1.29308e-07    1.18120e-07    1.09061e-07    1.02350e-07 
    9.67322e-08    9.18150e-08    8.72163e-08    8.28744e-08 
    7.86562e-08    7.45620e-08    7.17320e-08    6.89417e-08 
    6.59374e-08    6.30095e-08    6.01791e-08    5.73498e-08 
    5.48287e-08    5.23806e-08    4.99955e-08    4.77725e-08 
    4.57175e-08    4.37662e-08    4.19569e-08    4.02429e-08 
    3.87041e-08    3.72602e-08    3.58756e-08    3.45524e-08 
    3.34983e-08    3.23880e-08    3.16034e-08    3.07688e-08 
    3.02318e-08    2.96905e-08    2.95996e-08    2.99599e-08 
    2.99684e-08    3.08731e-08    3.21974e-08    3.43511e-08 
    3.56495e-08    3.70552e-08    3.84965e-08    4.07254e-08 
    4.20045e-08    4.39544e-08    4.57016e-08    4.72350e-08 
    4.88417e-08    4.97346e-08    5.08255e-08    5.15251e-08 
    5.19594e-08    5.38541e-08    5.47608e-08    5.60552e-08 
    5.72609e-08    5.72837e-08    5.80516e-08    6.07470e-08 
    6.22348e-08    6.89463e-08    7.36219e-08    7.84507e-08 
    8.36436e-08    9.06092e-08    9.74125e-08    1.05766e-07 
    1.14655e-07    1.22992e-07    1.35572e-07    1.48056e-07 
    1.62542e-07    1.76927e-07    1.94445e-07    2.19441e-07 
    2.45670e-07    2.70274e-07    3.27211e-07    3.81310e-07 
    4.55597e-07    5.39395e-07    6.74542e-07    7.90694e-07 
    1.05280e-06    1.31350e-06    1.67980e-06    2.01746e-06 
    2.29699e-06    2.46702e-06    2.61262e-06    2.79367e-06 
    3.02585e-06    3.23327e-06    3.41504e-06    3.61475e-06 
    3.76109e-06    4.00171e-06    4.11205e-06    4.27316e-06 
    4.42043e-06    4.56123e-06    4.77327e-06    5.02790e-06 
    5.15620e-06    5.57487e-06    5.99775e-06    6.29014e-06 
    7.00630e-06    7.96093e-06    9.03334e-06    9.93690e-06 
    1.17198e-05    1.28801e-05    1.39348e-05    1.62964e-05 
    1.72965e-05    1.91193e-05    2.05605e-05    2.22714e-05 
    2.35742e-05    2.56676e-05    2.50974e-05    2.63234e-05 
    2.66955e-05    2.70075e-05    2.67158e-05    2.56487e-05 
    2.46991e-05    2.40808e-05    2.23412e-05    2.10526e-05 
    1.85671e-05    1.64839e-05    1.42043e-05    1.21804e-05 
    1.09420e-05    9.46010e-06    8.14149e-06    7.07614e-06 
    6.28113e-06    5.65266e-06    5.13927e-06    4.68150e-06 
    4.29785e-06    3.97150e-06    3.67553e-06    3.43734e-06 
    3.23492e-06    3.04801e-06    2.94245e-06    2.85520e-06 
    2.85337e-06    2.79620e-06    2.85928e-06    2.81207e-06 
    2.77848e-06    2.90562e-06    2.88862e-06    2.96584e-06 
    3.04831e-06    3.07016e-06    3.06840e-06    3.12099e-06 
    3.16845e-06    3.16662e-06    3.13076e-06    3.14696e-06 
    2.77315e-06    2.46324e-06    2.13647e-06    1.80510e-06 
    1.42328e-06    1.16856e-06    9.82987e-07    7.91893e-07 
    6.91038e-07    5.55700e-07    4.78240e-07    4.00711e-07 
    3.35870e-07    2.79927e-07    2.42468e-07    2.09052e-07 
    1.87538e-07    1.68180e-07    1.53683e-07    1.40035e-07 
    1.31013e-07    1.18626e-07    1.09427e-07    1.01676e-07 
    9.37436e-08    8.67486e-08    7.99540e-08    7.47078e-08 
    6.98715e-08    6.51611e-08    6.06227e-08    5.68072e-08 
    5.33571e-08    5.02097e-08    4.72561e-08    4.43897e-08 
    4.19593e-08    3.96333e-08    3.74452e-08    3.54238e-08 
    3.35700e-08    3.18417e-08    3.01788e-08    2.87484e-08 
    2.73581e-08    2.60682e-08    2.48938e-08    2.38135e-08 
    2.28076e-08    2.18661e-08    2.10152e-08    2.02421e-08 
    1.94685e-08    1.88761e-08    1.82727e-08    1.76109e-08 
    1.73610e-08    1.69099e-08    1.69405e-08    1.68542e-08 
    1.67902e-08    1.78055e-08    1.86892e-08    2.04086e-08 
    2.23790e-08    2.57225e-08    3.06646e-08    3.64387e-08 
    4.16620e-08    4.56542e-08    4.91319e-08    5.35788e-08 
    5.90900e-08    6.37688e-08    6.82870e-08    7.31127e-08 
    7.87583e-08    8.42216e-08    8.98039e-08    9.54303e-08 
    1.03067e-07    1.08204e-07    1.16702e-07    1.24818e-07 
    1.30722e-07    1.40326e-07    1.49955e-07    1.63145e-07 
    1.82523e-07    2.01275e-07    2.24155e-07    2.56582e-07 
    2.91295e-07    3.46161e-07    3.86006e-07    4.41173e-07 
    5.30368e-07    6.02226e-07    7.06938e-07    7.81009e-07 
    8.73727e-07    9.68340e-07    1.10855e-06    1.22093e-06 
    1.31063e-06    1.41609e-06    1.48126e-06    1.56338e-06 
    1.57717e-06    1.67780e-06    1.71284e-06    1.72438e-06 
    1.71359e-06    1.65086e-06    1.61570e-06    1.56750e-06 
    1.47166e-06    1.36377e-06    1.22877e-06    1.15454e-06 
    9.91416e-07    8.55659e-07    7.28844e-07    6.29909e-07 
    5.51966e-07    4.81829e-07    4.20201e-07    3.74654e-07 
    3.40488e-07    3.07832e-07    2.84905e-07    2.64218e-07 
    2.45419e-07    2.29308e-07    2.15573e-07    2.03805e-07 
    1.94280e-07    1.90338e-07    1.84094e-07    1.78679e-07 
    1.77286e-07    1.76019e-07    1.74593e-07    1.72608e-07 
    1.73755e-07    1.69314e-07    1.66562e-07    1.67840e-07 
    1.64674e-07    1.63212e-07    1.64365e-07    1.62930e-07 
    1.63681e-07    1.50506e-07    1.31191e-07    1.17789e-07 
    9.24723e-08    7.74297e-08    5.83833e-08    4.84141e-08 
    3.92577e-08    3.69599e-08    3.25666e-08    2.64318e-08 
    2.27423e-08    2.02048e-08    1.65693e-08    1.44913e-08 
    1.22735e-08    1.09776e-08    9.84488e-09    8.96079e-09 
    8.20864e-09    7.59182e-09    7.01692e-09    6.48861e-09 
    6.04989e-09    5.63773e-09    5.27187e-09    4.94765e-09 
    4.65615e-09    4.38206e-09    4.12197e-09    3.90030e-09 
    3.69758e-09    3.50768e-09    3.33527e-09    3.17599e-09 
    3.03435e-09    2.90418e-09    2.78290e-09    2.67483e-09 
    2.57692e-09    2.48926e-09    2.40873e-09    2.33877e-09 
    2.27913e-09    2.22518e-09    2.18195e-09    2.14741e-09 
    2.12195e-09    2.10522e-09    2.09918e-09    2.10082e-09 
    2.11442e-09    2.13526e-09    2.16864e-09    2.21415e-09 
    2.26865e-09    2.33670e-09    2.41705e-09    2.50979e-09 
    2.61637e-09    2.74118e-09    2.87971e-09    3.04307e-09 
    3.23072e-09    3.42903e-09    3.65098e-09    3.91549e-09 
    4.11920e-09    4.38219e-09    4.73628e-09    5.19123e-09 
    5.82726e-09    6.52641e-09    7.27563e-09    8.16109e-09 
    9.10217e-09    1.01555e-08    1.13866e-08    1.27368e-08 
    1.42250e-08    1.59673e-08    1.77725e-08    1.99458e-08 
    2.24633e-08    2.52594e-08    2.86095e-08    3.23543e-08 
    3.67381e-08    4.20264e-08    4.81070e-08    5.46707e-08 
    6.45358e-08    7.31703e-08    8.52619e-08    9.82666e-08 
    1.13624e-07    1.28924e-07    1.45060e-07    1.64811e-07 
    1.83152e-07    2.06983e-07    2.25384e-07    2.48621e-07 
    2.76441e-07    3.05428e-07    3.40258e-07    3.76506e-07 
    4.10787e-07    4.55697e-07    5.17029e-07    5.83386e-07 
    6.25889e-07    6.90106e-07    7.85908e-07    8.37720e-07 
    9.27347e-07    1.00130e-06    1.11117e-06    1.16956e-06 
    1.23055e-06    1.32742e-06    1.36529e-06    1.45533e-06 
    1.49619e-06    1.51289e-06    1.54509e-06    1.52801e-06 
    1.50700e-06    1.44982e-06    1.40471e-06    1.35280e-06 
    1.23017e-06    1.14590e-06    1.00036e-06    9.23442e-07 
    7.95387e-07    6.83740e-07    5.85115e-07    5.05479e-07 
    4.39813e-07    3.90936e-07    3.48053e-07    3.11393e-07 
    2.78643e-07    2.50645e-07    2.25502e-07    2.05173e-07 
    1.86734e-07    1.72160e-07    1.59072e-07    1.49718e-07 
    1.42185e-07    1.36354e-07    1.30974e-07    1.30469e-07 
    1.30914e-07    1.32873e-07    1.35323e-07    1.38546e-07 
    1.49002e-07    1.52386e-07    1.57828e-07    1.74848e-07 
    1.83992e-07    1.99347e-07    2.12266e-07    2.30645e-07 
    2.41980e-07    2.48899e-07    2.62741e-07    2.71015e-07 
    2.76005e-07    2.87420e-07    2.90660e-07    2.87093e-07 
    2.81054e-07    2.48698e-07    2.14472e-07    1.76215e-07 
    1.46724e-07    1.26991e-07    8.79299e-08    8.24092e-08 
    6.89393e-08    5.84331e-08    4.85423e-08    3.93296e-08 
    3.30490e-08    2.93441e-08    2.63958e-08    2.36103e-08 
    2.12387e-08    1.97731e-08    1.80543e-08    1.56812e-08 
    1.35557e-08    1.17756e-08    1.06580e-08    1.00009e-08 
    9.30167e-09    8.73022e-09    7.94419e-09    7.12684e-09 
    6.67676e-09    5.95069e-09    5.42252e-09    4.91633e-09 
    4.51695e-09    4.12829e-09    3.85129e-09    3.56347e-09 
    3.30071e-09    3.10018e-09    2.91004e-09    2.74483e-09 
    2.60987e-09    2.48822e-09    2.37305e-09    2.26806e-09 
    2.17091e-09    2.08238e-09    2.00033e-09    1.93019e-09 
    1.86662e-09    1.80952e-09    1.76118e-09    1.71767e-09 
    1.68111e-09    1.65052e-09    1.62603e-09    1.60949e-09 
    1.60001e-09    1.60005e-09    1.61368e-09    1.64136e-09 
    1.68515e-09    1.74258e-09    1.86147e-09    1.96382e-09 
    2.10036e-09    2.32866e-09    2.65005e-09    2.98602e-09 
    3.41185e-09    4.08309e-09    5.00049e-09    6.22032e-09 
    7.36042e-09    8.19044e-09    8.80185e-09    9.67397e-09 
    1.05720e-08    1.14745e-08    1.27846e-08    1.40163e-08 
    1.55490e-08    1.81369e-08    1.94525e-08    2.23743e-08 
    2.58572e-08    2.89461e-08    3.25285e-08    3.72178e-08 
    4.40845e-08    4.85349e-08    5.60701e-08    6.23540e-08 
    7.06277e-08    7.80643e-08    8.57588e-08    9.21907e-08 
    9.86116e-08    1.05942e-07    1.11480e-07    1.15974e-07 
    1.15384e-07    1.23990e-07    1.24967e-07    1.24987e-07 
    1.24031e-07    1.18607e-07    1.15953e-07    1.10051e-07 
    1.03451e-07    9.59861e-08    8.87258e-08    7.50812e-08 
    6.61664e-08    5.70221e-08    5.03239e-08    4.34936e-08 
    3.72963e-08    3.28052e-08    2.91953e-08    2.58325e-08 
    2.26600e-08    2.07316e-08    1.84582e-08    1.65967e-08 
    1.50405e-08    1.36733e-08    1.25775e-08    1.15994e-08 
    1.10114e-08    1.03324e-08    9.99488e-09    9.82926e-09 
    9.68857e-09    9.81196e-09    9.97172e-09    1.00639e-08 
    1.12327e-08    1.17112e-08    1.24037e-08    1.33440e-08 
    1.45144e-08    1.51603e-08    1.67514e-08    1.82085e-08 
    1.92717e-08    2.05203e-08    2.13707e-08    2.26222e-08 
    2.32740e-08    2.36363e-08    2.39668e-08    2.38629e-08 
    2.34431e-08    2.07885e-08    1.80917e-08    1.45777e-08 
    1.14550e-08    8.89342e-09    7.16652e-09    6.25290e-09 
    5.57089e-09    4.16988e-09    3.66177e-09    2.99082e-09 
    2.43223e-09    2.06917e-09    1.77951e-09    1.55934e-09 
    1.37976e-09    1.23315e-09    1.10952e-09    1.01017e-09 
    9.26301e-10    8.55575e-10    7.93748e-10    7.40451e-10 
    6.94184e-10    6.53558e-10    6.18248e-10    5.87353e-10 
    5.60659e-10    5.37652e-10    5.17156e-10    5.00780e-10 
    4.86411e-10    4.75217e-10    4.66353e-10    4.60153e-10 
    4.55960e-10    4.54185e-10    4.54659e-10    4.57916e-10 
    4.62848e-10    4.70784e-10    4.81183e-10    4.93760e-10 
    5.09259e-10    5.27559e-10    5.48634e-10    5.72404e-10 
    5.99989e-10    6.30513e-10    6.60235e-10    6.92349e-10 
    7.37859e-10    8.06669e-10    9.00866e-10    1.01010e-09 
    1.12973e-09    1.26319e-09    1.41180e-09    1.57737e-09 
    1.75784e-09    1.95812e-09    2.17987e-09    2.43211e-09 
    2.70325e-09    3.00256e-09    3.33992e-09    3.73413e-09 
    4.19356e-09    4.69475e-09    5.26049e-09    5.97390e-09 
    6.81143e-09    7.78654e-09    8.84765e-09    1.02507e-08 
    1.19909e-08    1.36478e-08    1.59172e-08    1.84325e-08 
    2.11776e-08    2.52997e-08    2.85503e-08    3.32087e-08 
    3.84237e-08    4.39945e-08    5.00197e-08    5.76655e-08 
    6.45694e-08    7.16620e-08    8.41523e-08    9.31766e-08 
    1.05677e-07    1.15849e-07    1.26155e-07    1.33274e-07 
    1.48621e-07    1.63372e-07    1.70381e-07    1.77041e-07 
    1.84883e-07    1.89361e-07    1.93589e-07    1.95476e-07 
    1.93432e-07    1.90408e-07    1.86146e-07    1.79432e-07 
    1.65784e-07    1.63601e-07    1.50291e-07    1.39514e-07 
    1.22429e-07    1.09282e-07    9.81912e-08    8.39930e-08 
    7.24953e-08    6.34508e-08    5.49549e-08    4.81846e-08 
    4.22024e-08    3.74461e-08    3.30600e-08    2.91929e-08 
    2.57944e-08    2.28613e-08    2.02764e-08    1.80467e-08 
    1.61853e-08    1.45422e-08    1.31931e-08    1.19900e-08 
    1.10149e-08    1.02049e-08    9.50651e-09    8.90871e-09 
    8.41693e-09    8.07919e-09    7.81832e-09    7.68693e-09 
    7.64996e-09    7.64717e-09    7.83457e-09    8.02512e-09 
    8.41671e-09    8.91189e-09    9.55234e-09    1.02098e-08 
    1.09842e-08    1.17915e-08    1.30259e-08    1.40293e-08 
    1.55007e-08    1.65964e-08    1.85017e-08    1.94655e-08 
    2.09274e-08    2.23820e-08    2.40611e-08    2.55845e-08 
    2.69274e-08    2.73690e-08    2.89156e-08    2.91770e-08 
    2.92983e-08    2.93175e-08    2.89118e-08    2.78521e-08 
    2.62500e-08    2.57533e-08    2.34819e-08    2.19913e-08 
    2.00193e-08    1.80694e-08    1.53973e-08    1.29879e-08 
    1.15638e-08    9.84982e-09    8.62317e-09    7.64939e-09 
    6.75886e-09    6.00650e-09    5.34234e-09    4.70926e-09 
    4.21797e-09    3.74855e-09    3.33114e-09    2.98475e-09 
    2.67282e-09    2.36839e-09    2.13908e-09    1.92361e-09 
    1.72148e-09    1.53993e-09    1.37378e-09    1.22863e-09 
    1.10189e-09    9.88348e-10    8.91007e-10    8.05948e-10 
    7.33674e-10    6.72115e-10    6.20115e-10    5.76314e-10 
    5.39214e-10    5.08853e-10    4.84873e-10    4.66681e-10 
    4.54373e-10    4.48493e-10    4.49057e-10    4.56053e-10 
    4.69645e-10    4.91176e-10    5.20275e-10    5.58070e-10 
    6.05518e-10    6.64094e-10    7.36766e-10    8.23487e-10 
    9.22595e-10    1.04760e-09    1.19367e-09    1.33491e-09 
    1.55581e-09    1.75812e-09    1.99418e-09    2.26194e-09 
    2.64354e-09    3.02119e-09    3.42668e-09    3.81616e-09 
    4.32537e-09    4.94519e-09    5.61470e-09    6.23358e-09 
    6.96288e-09    7.76314e-09    8.51707e-09    9.49853e-09 
    1.04701e-08    1.15372e-08    1.27324e-08    1.37692e-08 
    1.46566e-08    1.57992e-08    1.69129e-08    1.79775e-08 
    1.85360e-08    1.91177e-08    1.95249e-08    2.02313e-08 
    1.98665e-08    1.99909e-08    2.01502e-08    1.96362e-08 
    1.92390e-08    1.85252e-08    1.77198e-08    1.69780e-08 
    1.59469e-08    1.51469e-08    1.31228e-08    1.25355e-08 
    1.08682e-08    9.56835e-09    8.20311e-09    7.24150e-09 
    6.24960e-09    5.44568e-09    4.64236e-09    4.10121e-09 
    3.58242e-09    3.14979e-09    2.78110e-09    2.44207e-09 
    2.15607e-09    1.90675e-09    1.69247e-09    1.49982e-09 
    1.35188e-09    1.21118e-09    1.08833e-09    9.80726e-10 
    8.88757e-10    8.10075e-10    7.43596e-10    6.87839e-10 
    6.42594e-10    6.07964e-10    5.81641e-10    5.61701e-10 
    5.75566e-10    5.56964e-10    5.69676e-10    5.92460e-10 
    6.27096e-10    6.67245e-10    6.96233e-10    7.93693e-10 
    8.70301e-10    9.29671e-10    1.05477e-09    1.15377e-09 
    1.27951e-09    1.39625e-09    1.49417e-09    1.64057e-09 
    1.74746e-09    1.89898e-09    1.97405e-09    2.05047e-09 
    2.08067e-09    2.21080e-09    2.23424e-09    2.19309e-09 
    2.14830e-09    2.00279e-09    2.01612e-09    2.01839e-09 
    1.92663e-09    1.78912e-09    1.65551e-09    1.40344e-09 
    1.25902e-09    1.06750e-09    9.15078e-10    7.89963e-10 
    6.90186e-10    6.07747e-10    5.37780e-10    4.79048e-10 
    4.29395e-10    3.87514e-10    3.52233e-10    3.23203e-10 
    2.99453e-10    2.80628e-10    2.66482e-10    2.56564e-10 
    2.51115e-10    2.49712e-10    2.52543e-10    2.59427e-10 
    2.71045e-10    2.87162e-10    3.08446e-10    3.35208e-10 
    3.67552e-10    4.06550e-10    4.53003e-10    5.07136e-10 
    5.70421e-10    6.43917e-10    7.29219e-10    8.26796e-10 
    9.39286e-10    1.07003e-09    1.22133e-09    1.39937e-09 
    1.61547e-09    1.85732e-09    2.11737e-09    2.50505e-09 
    2.89983e-09    3.22193e-09    3.67438e-09    4.18871e-09 
    4.90903e-09    5.53594e-09    6.44465e-09    7.35226e-09 
    8.36632e-09    9.45805e-09    1.12149e-08    1.26638e-08 
    1.44801e-08    1.62325e-08    1.90552e-08    2.11896e-08 
    2.45492e-08    2.80739e-08    3.08033e-08    3.56924e-08 
    3.91610e-08    4.37188e-08    4.65527e-08    5.14417e-08 
    5.40519e-08    5.62337e-08    5.87578e-08    6.00178e-08 
    6.14815e-08    6.24925e-08    6.21354e-08    6.16172e-08 
    5.92864e-08    5.91423e-08    5.51430e-08    5.22474e-08 
    4.98196e-08    4.37843e-08    3.87678e-08    3.35098e-08 
    3.01322e-08
*END
